Circle A 100 100 -2.5 3.6 255 160 122 0 0 20
Circle B 200 200 2.2 7.4 255 189 51 0 0 20
Circle C 300 300 4.0 1.0 219 255 51 0 0 20
Circle D 400 400 -3.5 4.6 51 255 189 0 0 20
Circle E 500 300 2.2 3.0 199 0 57 0 0 20
Circle F 111 222 4.0 1.0 255 87 51 0 0 20
Circle G 20 10 -2.5 3.6 76 175 80 0 0 20
Circle H 90 170 2.2 7.4 3 169 244 0 0 20
Circle I 57 88 4.0 1.0 74 20 140 0 0 20
Circle J 270 410 -7.5 4.6 0 188 212 0 0 20
Circle K 90 470 8.2 7.4 161 136 127 0 0 20
Circle L 237 188 4.5 6.2 255 235 59 0 0 20